84
P01533     0.0000000 0.5398211 0.9801027 0.4328115 0.5672384 1.6638361 0.5858743 4.2791783 4.0895577 3.9211016 3.8437339 4.1398012 3.7669279 3.9125985 0.4346000 0.7368877 0.3425539 0.0000010 0.4346000 0.0000010 0.3197310 3.2741877 2.9340834 2.5539988 2.6601746 2.3270907 2.3322319 3.2658114 3.2061608 2.9448666 3.2061608 3.1741684 2.8003254 3.2061608 3.2061608 3.3190791 2.3957588 3.8774747 3.7149590 3.1469328 2.9403872 2.3927354 4.3274535 3.0769803 2.2767762 2.9631481 2.8251538 2.4391585 3.2130239 1.2415829 3.6138843 0.7996155 0.0000010 0.0000010 2.8038429 2.7087009 2.3046303 1.9398881 1.4345068 2.6507357 1.8770399 2.2858216 1.7944110 4.5995207 3.9326179 3.0850491 3.5929279 3.2383771 3.6049275 3.6079350 3.0711714 2.1446728 2.4041006 2.6420913 2.7101730 1.6333320 2.6820456 1.8367031 2.2901128 1.4147065 2.0327823 2.0031917 2.4899227 2.7065847 
P0C1F1     0.5398211 0.0000000 0.6432979 0.1772653 0.4390911 1.3625540 0.3094066 3.1636765 2.6793329 2.8004447 2.6519336 3.0280208 2.4259227 2.5878921 0.3713400 1.2329504 1.1729800 0.5032826 0.3713400 0.5032826 0.5358331 3.5249222 2.9482709 2.5320158 2.6611109 2.3033950 2.3968303 4.3919661 2.4706871 2.2532809 2.4706871 2.4362212 2.1434517 2.4706871 2.4706871 3.3094857 2.3995047 4.3292330 3.5716718 3.7640952 3.0634530 2.6816227 4.3274535 2.4133387 3.2903640 2.2074845 1.3001759 2.7933432 2.7170215 1.7672199 3.7748954 0.7996155 0.0000010 0.0000010 4.3359588 3.5301752 2.5910395 2.5702442 1.9326360 2.7308377 1.7902272 2.4386658 2.2999347 3.3444595 2.8772229 2.6943995 2.5927771 2.2726152 2.4622269 2.6382597 2.4733459 1.6480117 1.8181891 2.6702296 2.7394275 1.4596172 2.3292463 2.3015435 3.3087022 2.3491351 2.8717758 3.0277342 2.7691983 4.3715074 
P0C5G5     0.9801027 0.6432979 0.0000000 0.7161810 1.0046667 1.3634984 0.7870546 4.1585184 3.3065729 3.6860324 3.4141320 3.5379408 3.5817222 3.7369367 2.8025642 1.9407752 1.3096356 1.3524130 2.8025642 1.3524130 1.9939709 4.1876747 3.2902839 3.1845323 3.1285451 2.9161615 2.8825228 3.7495563 2.3195475 2.2083205 2.3195475 2.2847844 2.0087154 2.3195475 2.3195475 4.4838242 3.3465138 7.4602977 4.7717759 5.2716285 5.2025272 3.4812492 4.3274535 2.9348868 2.9239546 2.4971347 2.1918030 2.1546563 5.0730252 6.9560872 9.0000000 8.6454740 0.0000010 0.0000010 7.9154774 6.6994555 2.6873227 3.0173481 2.5400481 2.3268961 2.5767071 2.5589113 2.1597055 3.7270956 3.0770480 2.5700281 2.7843083 2.4504053 2.6454622 2.8132569 4.6158345 3.4388233 3.2675773 2.4211476 2.5139483 2.2270574 3.0834215 3.5271785 4.5964435 6.7506155 9.0000000 9.0000000 8.9843135 4.6919692 
P10453     0.4328115 0.1772653 0.7161810 0.0000000 0.4756746 1.2675559 0.1567665 3.2236816 2.9379688 2.8158160 2.8827750 3.0788211 2.6628422 2.8234590 0.4346000 0.7368877 0.3425539 0.0000010 0.4346000 0.0000010 0.3197310 3.1700148 2.7074076 2.3991405 2.5519903 2.1497542 2.2295938 3.3263738 2.7358742 2.4971041 2.7358742 2.7013684 2.3723009 2.7358742 2.7358742 3.5395007 2.4255777 4.3678478 3.4506162 3.6612632 3.0981445 2.3884998 4.3274535 3.3170559 3.3404233 3.1784735 3.0230877 2.3775936 3.3834198 1.7952489 4.5909051 0.7996155 0.0000010 0.0000010 6.7102188 4.0683021 2.4402260 2.5166042 1.8389854 2.6652324 1.7446502 2.6137693 2.3286263 4.2076295 2.9701328 2.8508691 2.6631042 2.3517522 2.6821150 2.7444129 3.2147552 2.1611229 2.5612530 2.8681187 2.9564688 1.7852581 2.4299121 1.8756377 2.6911704 3.2334310 3.0151988 2.2962545 2.9213366 2.9195096 
P0C1F5     0.5672384 0.4390911 1.0046667 0.4756746 0.0000000 1.3773513 0.4683729 4.3450193 3.9755403 3.7032503 3.7364861 3.9692769 3.8492827 3.6915824 0.3933172 0.9394309 0.8615754 0.3722337 0.3933172 0.3722337 0.4127789 3.9739542 2.9634862 2.4677542 2.7977356 2.4745621 2.5579006 2.8594017 2.7487921 2.6166753 2.7487921 2.7130641 2.3706347 2.7487921 2.7487921 4.0304325 2.7325596 4.7675871 4.1867091 3.8449357 2.8979487 2.0489178 4.3274535 3.0769803 2.2767762 2.9631481 2.8251538 2.9139487 3.2130239 2.0174454 5.8793959 0.7996155 0.0000010 0.0000010 5.6792946 4.3471401 3.1002284 2.4654721 1.9259997 2.9180376 2.6916315 2.2460625 2.3629508 4.5995207 4.0663263 2.9133237 3.7217316 3.0590554 3.5476737 3.4372454 2.4348052 1.5673048 2.0578772 2.7383924 2.8882323 1.4719721 2.7528595 2.2615277 3.2299337 2.6917207 3.1441309 3.3581915 3.0439473 4.5187771 
P30831     1.6638361 1.3625540 1.3634984 1.2675559 1.3773513 0.0000000 1.3422368 4.7396261 4.4452177 4.7672380 4.0983445 5.4255498 5.0292563 4.4050634 5.3188740 2.8273959 3.7189748 2.7599692 5.3188740 2.7599692 2.0105637 6.6663444 3.0511843 2.5416925 3.3159832 3.5211976 3.2136063 5.3240769 2.1712379 2.0309205 2.1712379 2.2417209 2.2417209 2.1712379 2.1712379 3.8310602 2.6609848 4.2038438 4.3030352 6.2315172 6.3225525 3.5970976 8.8591459 2.3840356 3.8303704 4.3205296 2.9774094 4.8189712 4.8791989 4.1995169 9.0000000 2.8461545 0.0000010 0.0000010 3.8713317 3.4833484 3.9738083 3.1687179 3.0505088 3.6174626 2.4654500 2.8316599 3.3584932 3.2354580 3.1011508 2.5363246 3.1051829 2.5272711 2.6399770 2.5735982 4.8745918 4.8729751 2.4047867 3.5964707 4.1117611 2.0415660 3.6972960 8.9999983 8.9999988 6.9189676 3.6632334 3.5094283 3.5033691 8.9999986 
P0C5G3     0.5858743 0.3094066 0.7870546 0.1567665 0.4683729 1.3422368 0.0000000 3.6480069 3.2803690 3.1261480 3.1890255 3.4193537 2.9999639 3.1545182 0.3933172 0.9394309 0.8615754 0.3722337 0.3933172 0.3722337 0.4127789 3.3860707 2.7151825 2.3112998 2.5760391 2.2096145 2.3667763 3.9526818 2.6375318 2.3993166 2.6375318 2.6018812 2.2765881 2.6375318 2.6375318 3.5086643 2.3949905 4.3678478 3.4506162 4.0497432 3.4274122 2.5266098 4.3274535 3.3170559 3.3404233 3.1784735 3.0230877 2.7520091 3.3834198 1.7952489 4.5909051 0.7996155 0.0000010 0.0000010 6.7102188 4.0683021 2.4687911 2.5826944 1.9128670 2.5132418 2.0775408 2.6719725 2.3099471 4.2076295 3.0787577 2.6947016 2.7593174 2.2000448 2.6375048 2.5933807 3.2147552 2.3369386 2.4558637 2.9064412 3.1626493 1.8318785 2.6810866 2.3760075 3.4165184 3.2334310 3.0151988 2.2962545 2.9213366 3.5441798 
P81383     4.2791783 3.1636765 4.1585184 3.2236816 4.3450193 4.7396261 3.6480069 0.0000000 0.7376263 0.7785851 0.7701137 0.7809429 0.7950784 0.7413564 3.3582703 3.8105668 3.2073144 3.4661358 3.1192115 4.3944959 3.1144757 3.5712413 3.7374712 3.8289420 4.3055702 4.2516172 3.9630239 3.9600217 4.1287224 3.6054424 3.7700983 4.1141743 4.1268411 4.3165109 3.9714667 3.5854559 4.4278836 5.5922942 4.7601289 3.9363452 4.1722149 5.7174831 6.9961330 3.6368006 3.5589667 3.7336321 3.6803995 3.4195535 4.1611715 2.9783081 2.8134205 2.3482018 3.9588403 3.5261900 3.4952629 3.2209323 5.3768448 6.5199836 8.7074833 5.0467492 5.6616473 7.5486898 3.9208566 5.3832073 9.0000000 8.3612776 8.7487409 7.4359163 6.4299178 6.8582397 5.9367470 5.0660439 3.1891740 4.0618821 4.8283187 4.4999903 4.6432083 3.7088972 3.7301777 3.6432344 3.3842231 3.3819331 3.1118482 3.2569067 
A0A2U8QPE6 4.0895577 2.6793329 3.3065729 2.9379688 3.9755403 4.4452177 3.2803690 0.7376263 0.0000000 0.3053099 0.2629048 0.2926260 0.1779188 0.2174432 3.1295200 3.7268276 3.2395191 3.2380010 3.1478420 3.8683317 3.4059753 4.5198479 3.4778364 3.3347684 4.5235998 4.0277809 4.1974937 3.7255885 4.6854528 4.1006241 4.3050859 4.5581730 4.6113409 4.7092404 5.1266235 3.7577997 3.9551661 3.9470416 3.2281265 4.2127652 4.3708318 6.4016277 7.8115800 3.9912480 5.8038795 3.1141344 4.5822152 4.2636819 3.6759451 3.2618574 6.8524567 2.4477539 3.2275976 3.2502826 3.1782421 2.7930049 4.4586698 4.8295646 5.7840908 4.5297334 4.8554625 6.1205517 4.0196589 7.5803010 8.6961247 8.8137219 8.0023232 7.6314802 7.3040943 7.9011250 3.8312491 4.8423196 4.4490079 4.8800183 4.9217543 5.4939970 4.9126982 3.3905209 3.4078913 3.4050195 3.2437158 3.3817090 3.0765841 2.7108495 
B5U6Y8     3.9211016 2.8004447 3.6860324 2.8158160 3.7032503 4.7672380 3.1261480 0.7785851 0.3053099 0.0000000 0.2218624 0.3034464 0.2575045 0.2890734 3.5804380 3.6327638 3.1126421 2.9687224 3.2851426 4.2103320 3.3257530 3.7727633 3.3050778 3.1884855 4.1429744 3.8252709 3.7580331 3.8787550 4.2022136 3.7055907 4.0381910 4.0407051 3.9712504 4.3204217 4.7871836 4.1022817 3.8308216 4.0302231 2.8701557 4.2446966 4.4493679 5.6295595 7.2512858 3.8004774 3.9306489 3.3844210 3.6012381 3.3733054 4.0188359 3.3977339 3.1537999 2.3634886 2.8561837 3.6775088 3.2073248 2.5119739 4.4847060 5.0065380 6.5497339 4.2391606 5.1430669 5.6033423 4.1272037 7.2429007 8.3386295 7.9860968 7.6400303 7.4453757 6.1222165 6.7211647 4.1019733 4.0944802 4.0197097 4.1713626 4.3253985 4.6553297 3.9023741 3.5224040 3.5306090 3.1748052 3.1532535 3.3126977 2.9754914 2.7106491 
P0CC17     3.8437339 2.6519336 3.4141320 2.8827750 3.7364861 4.0983445 3.1890255 0.7701137 0.2629048 0.2218624 0.0000000 0.1725365 0.2411620 0.2870020 3.7064018 3.8123994 3.5519009 3.0878939 3.4528997 4.1570687 3.6035623 4.0745089 3.4949522 3.2869853 4.2597739 3.8451979 3.8899757 3.6702413 4.6557126 4.1675216 4.5695430 4.5330348 4.6573260 4.7574935 5.4503190 3.9536291 3.8643158 3.9114689 2.8438633 4.3594053 4.5141586 6.0870668 9.0000000 4.3101805 6.0873836 6.4183400 5.4306714 4.8767438 4.9961986 3.7500117 3.5117145 2.7131403 2.9332643 3.7476237 3.4837754 3.1474159 5.0455225 5.2719046 6.2300029 4.5160190 4.6256323 5.5874284 3.7253204 7.5728602 8.3182240 8.6330387 7.6424958 7.0360599 6.1598112 6.8572437 3.9717628 4.1705890 3.2783934 4.1401923 4.2293642 4.6755452 3.9247338 3.3866131 3.4696532 3.2885396 3.1360939 3.5839057 3.2556577 2.8130409 
X2JCV5     4.1398012 3.0280208 3.5379408 3.0788211 3.9692769 5.4255498 3.4193537 0.7809429 0.2926260 0.3034464 0.1725365 0.0000000 0.2472475 0.2883495 3.8366286 4.8152770 4.3255950 3.8928329 3.9979268 5.0063407 3.9483159 4.3734651 3.9109529 3.7105432 4.9205315 4.3119164 4.0652918 3.9357501 4.9013007 4.4862080 4.8764182 5.0676686 4.9943222 5.1466587 5.7027693 5.2333998 4.0708827 3.8766104 3.2136203 4.7152692 4.6655373 6.2492614 8.9999983 6.1529452 6.4884000 5.1754350 6.9776969 5.0344006 5.7036038 3.8069741 3.0231898 3.2605121 3.7340816 2.9654627 2.9983818 2.3421254 4.4796724 5.7739985 7.7226999 5.1376324 4.3188515 5.8588416 3.5041846 7.7726550 8.9999987 8.9999987 8.9999985 8.4153590 7.3343148 8.1785892 4.2768510 4.2791118 3.4921322 4.3709873 4.5997060 4.8561443 4.2015896 3.9190766 3.7292230 3.5348962 3.2105385 3.5671315 3.2677871 3.3812838 
Q4JHE3     3.7669279 2.4259227 3.5817222 2.6628422 3.8492827 5.0292563 2.9999639 0.7950784 0.1779188 0.2575045 0.2411620 0.2472475 0.0000000 0.1051448 3.2530198 4.0485805 3.5489956 3.7100749 3.6526711 4.1946589 3.6705307 4.2288181 3.7587218 3.5871277 4.6771428 4.2241285 4.2028433 3.6293973 4.1832432 3.8693336 4.2211023 4.4664264 4.2769812 4.6574729 5.2108882 4.9976540 3.8960539 3.9473413 3.2582046 4.1699706 4.2338375 5.6462304 7.3488256 4.0265932 4.2321803 3.3338430 4.8278356 4.3136758 4.1187503 3.3596229 3.1537999 2.6927371 2.9896471 2.9107365 3.1944221 2.4734532 4.7697550 5.5002664 7.2554606 5.3276655 4.7945833 6.7704625 3.7685154 8.0340399 8.3211951 7.9862305 7.9518216 7.4157955 7.3943539 8.2166754 3.0916691 3.5236641 3.8935520 3.5434256 3.7012488 4.5346336 3.1479511 3.6171525 3.5088330 3.5610497 3.1859099 3.3704830 3.2298465 2.8828625 
A8QL51     3.9125985 2.5878921 3.7369367 2.8234590 3.6915824 4.4050634 3.1545182 0.7413564 0.2174432 0.2890734 0.2870020 0.2883495 0.1051448 0.0000000 3.3047465 4.4494843 3.6320730 3.6714324 3.4761756 4.4593482 3.8421147 3.9626637 3.7579731 3.7390297 4.7351598 4.1783656 4.3244482 3.7197836 4.5307127 4.1630989 4.5617023 4.7762502 4.5012651 5.0670909 5.7028710 4.8807213 4.1269447 3.7044786 3.1805399 4.5096569 4.5938881 6.2534228 8.8808562 4.0368345 4.5516044 3.5701309 5.3823677 4.5371305 4.1288646 3.9314113 3.1537999 2.6617037 2.9621234 3.9170756 3.1944221 2.4734532 4.7426023 5.1826558 6.7142806 4.8042544 4.8170727 6.2950804 3.7663914 7.4390804 8.9999982 8.9999980 8.9999982 8.9999983 8.2177262 8.9461287 3.1647720 3.5920365 3.6496762 3.2701703 3.4301938 4.4333827 3.1923302 3.6183623 3.3731869 3.3848270 3.1026943 3.3341372 3.1219677 2.9713657 
J3S3U6     0.4346000 0.3713400 2.8025642 0.4346000 0.3933172 5.3188740 0.3933172 3.3582703 3.1295200 3.5804380 3.7064018 3.8366286 3.2530198 3.3047465 0.0000000 0.9006262 1.0531733 1.2296551 1.3840239 1.3893620 1.5634914 4.1117753 4.0827307 3.5988751 4.3555270 4.0391540 3.7808491 4.5591086 5.0093762 5.3659711 5.1689755 4.4985829 5.1771915 4.2368959 4.3577963 4.1379150 3.7183020 2.9701456 3.2753162 3.0605936 3.3317383 4.7214587 2.7033347 2.7809574 2.8046210 3.2093434 3.2934482 2.2815912 3.2891587 0.5667306 0.9433363 1.1430000 4.3087440 5.3925583 0.5667306 2.0275865 2.9279432 3.4665942 2.9556925 2.6487933 2.8530251 2.6657939 3.8454515 3.3294842 3.7258752 3.8966620 3.5247619 3.8212659 4.1052045 4.2850163 0.7996155 0.8455055 0.9094255 2.6895435 2.6895435 1.0628315 3.1482045 2.5302320 3.1115741 4.2783053 5.1759857 4.5448588 4.2346060 3.7058886 
Q9I840     0.7368877 1.2329504 1.9407752 0.7368877 0.9394309 2.8273959 0.9394309 3.8105668 3.7268276 3.6327638 3.8123994 4.8152770 4.0485805 4.4494843 0.9006262 0.0000000 0.7701076 1.2054966 1.4020974 1.3315365 1.3427512 2.8366432 3.3961947 2.8467131 3.0033482 2.9046099 3.2631855 3.4833856 3.8004144 4.2817380 4.5429381 3.6121608 3.6474894 4.1627489 3.4909730 3.4608037 4.2042772 3.6439957 3.2953376 3.3286013 3.2120394 5.3261003 3.2403859 4.1430542 4.1996485 5.1014624 4.8856459 2.7141146 3.9459329 0.5080798 0.7978499 0.4240167 2.6386183 9.0000000 0.5080798 1.7862976 2.4694873 4.2105443 3.9823678 2.6594082 3.1581754 2.7784678 4.4644537 3.0925144 4.0521486 4.1801394 3.7603093 3.9322266 4.4620415 4.9864317 0.0000010 0.4843927 1.2132169 2.5486940 2.5486940 1.5649066 2.6151979 3.3627634 4.0252353 3.9332011 4.8079590 4.3393032 4.0175205 4.2520054 
Q4PRD0     0.3425539 1.1729800 1.3096356 0.3425539 0.8615754 3.7189748 0.8615754 3.2073144 3.2395191 3.1126421 3.5519009 4.3255950 3.5489956 3.6320730 1.0531733 0.7701076 0.0000000 1.4028145 1.6224538 1.3384865 1.3866309 3.5976264 3.3554681 2.8711403 2.9697063 2.9626082 2.8309027 3.2598297 4.4988196 5.0099372 5.0701931 3.9793761 4.1044996 4.6484102 4.2119511 3.2459535 4.0253613 3.2567713 3.0415589 3.1849057 2.9667946 5.0843009 2.6490906 3.9606392 2.9358331 5.2833387 2.9630886 2.7167552 4.4294893 0.5080798 0.7978499 0.4240167 1.8533454 9.0000000 0.5080798 1.7862976 3.7711442 3.8052665 4.8458868 3.4531607 2.4957835 3.5168550 3.9132020 3.4054958 3.1500660 4.1280267 3.0355358 4.0416706 3.9819114 4.7542646 0.0000010 0.4581247 1.1557734 2.3607057 2.3607057 1.4901266 2.6562033 3.3174124 3.7885886 4.0927017 4.7874921 3.7463542 4.2583600 3.7080695 
B0VXV2     0.0000010 0.5032826 1.3524130 0.0000010 0.3722337 2.7599692 0.3722337 3.4661358 3.2380010 2.9687224 3.0878939 3.8928329 3.7100749 3.6714324 1.2296551 1.2054966 1.4028145 0.0000000 0.8494170 0.5564902 0.7041075 2.7145719 3.7576077 3.3232711 3.6466674 3.3874345 3.3980329 3.3234168 4.4532026 4.0260678 4.3698199 3.8426741 4.4824041 4.1399481 4.3513673 3.6609034 2.9623801 4.6279296 3.8972687 4.2086558 3.9720637 5.2509419 4.0364005 3.9066877 4.1849052 5.0279573 5.1035782 3.3871760 5.3086893 1.7741378 1.6677476 2.7142831 2.6386183 9.0000000 1.9282174 4.3850063 3.3127408 4.9038119 4.2271464 3.2516004 3.5427039 3.7165341 4.3142645 3.3736550 3.8382630 4.1899751 3.4951855 3.8621463 3.3198774 3.8132062 0.7996155 1.1729800 1.2706690 2.5032981 2.5032981 1.5371949 2.7871687 4.0495798 4.8797212 4.4163658 4.8497397 4.6218603 4.1970306 4.9361084 
Q4PRD2     0.4346000 0.3713400 2.8025642 0.4346000 0.3933172 5.3188740 0.3933172 3.1192115 3.1478420 3.2851426 3.4528997 3.9979268 3.6526711 3.4761756 1.3840239 1.4020974 1.6224538 0.8494170 0.0000000 0.9191867 0.8501130 3.1441760 3.3820103 2.7505276 4.0518800 3.5825245 3.1477247 3.8530475 4.4966881 3.8007170 4.1880700 3.6403739 3.7062960 3.5737102 3.5938074 3.5273923 3.6254891 3.5321609 4.0309768 3.1752527 3.1869447 5.8283634 3.8530569 5.0870769 3.8619498 4.2123160 3.9030918 3.1181008 4.2678270 1.2929385 1.1156252 1.8027380 1.9999858 8.9999985 1.6440519 3.1121155 3.9729220 5.7234231 4.5196504 4.5089118 3.5786388 3.9235061 4.4730096 3.7734098 3.8724420 4.2359455 3.5581782 3.5144652 4.7130029 4.9331967 0.7996155 0.8455055 0.9094255 2.6895435 2.6895435 1.0628315 3.1482045 3.0657192 3.7081882 3.4416878 3.8916657 3.5849825 3.4850611 3.7408081 
J3SBP0     0.0000010 0.5032826 1.3524130 0.0000010 0.3722337 2.7599692 0.3722337 4.3944959 3.8683317 4.2103320 4.1570687 5.0063407 4.1946589 4.4593482 1.3893620 1.3315365 1.3384865 0.5564902 0.9191867 0.0000000 0.8980976 3.1610514 3.0798062 2.5536700 3.3492337 3.0536778 2.7509042 3.4584320 3.2122565 2.9332405 3.2482147 2.7406385 3.0180735 2.7779722 2.9620624 3.9946144 2.7183090 3.8143886 3.8383254 3.9100358 3.2279348 6.3502879 2.3027181 3.2009068 2.4827066 2.3741355 3.0954802 2.6550574 3.8016576 1.7741378 1.6677476 2.7142831 2.6386183 8.9999986 1.9282174 4.3850063 3.9902978 3.8800472 3.7406026 3.6083421 2.9188634 3.3918620 4.5693047 2.4121359 2.5307446 3.3162102 2.3441991 2.7209082 3.3210808 3.4061783 0.7996155 1.1729800 1.2706690 2.5032981 2.5032981 1.5371949 2.7871687 3.2863889 3.8470261 4.7189930 4.9133587 4.4106689 4.6498583 3.9147777 
Q9YGG9     0.3197310 0.5358331 1.9939709 0.3197310 0.4127789 2.0105637 0.4127789 3.1144757 3.4059753 3.3257530 3.6035623 3.9483159 3.6705307 3.8421147 1.5634914 1.3427512 1.3866309 0.7041075 0.8501130 0.8980976 0.0000000 2.6155648 3.0203740 2.8442491 2.8218044 2.6099521 3.1356111 2.8852552 5.4253587 4.9813325 4.8975697 3.9909496 4.4007972 4.6631968 3.8140359 3.7641114 2.7208696 3.8014357 3.9915987 4.0124298 3.8811173 5.0878257 3.3857538 3.4617459 3.3288009 5.2239883 3.7543827 2.1937381 4.3561245 1.8480565 1.7743573 2.0484905 2.6386183 9.0000000 1.9937008 4.2041325 3.9422127 5.1221217 6.2735994 4.3396131 3.3563039 3.7676015 4.2655435 3.8397082 3.7819673 5.0725137 3.6398570 4.1164136 4.3708857 4.8085456 0.7996155 1.2329504 1.3339934 2.6953690 2.6953690 1.6141644 2.7437280 3.5756492 3.8183122 4.2375634 4.9192739 4.5721844 4.6881243 3.8636261 
Q962V9     3.2741877 3.5249222 4.1876747 3.1700148 3.9739542 6.6663444 3.3860707 3.5712413 4.5198479 3.7727633 4.0745089 4.3734651 4.2288181 3.9626637 4.1117753 2.8366432 3.5976264 2.7145719 3.1441760 3.1610514 2.6155648 0.0000000 1.8596115 1.8707332 1.7225563 1.8313798 2.0326649 3.2309491 3.4027712 3.3625580 3.5917088 3.9506701 3.2817320 3.3015376 3.0362102 2.8800156 4.3344761 3.7517886 3.4031817 3.8213549 4.4965166 5.1477101 3.6375004 2.6901493 3.3427578 3.1607196 4.4794917 2.6457506 3.3494469 8.9999987 3.9201593 6.5776586 8.9999984 5.3582105 8.9999981 8.9999989 3.5235018 4.5875865 4.9111031 3.0569681 4.3093292 4.1254518 3.8832995 3.3624213 2.8385427 3.0052744 2.7859156 2.9477028 2.9886872 3.5709486 4.9877567 4.3401077 4.5724545 4.3510994 4.8582665 4.4004891 4.4188122 3.6670153 3.2837748 4.1643676 4.4618555 4.9779992 3.7834951 3.9717994 
Q8AVA3     2.9340834 2.9482709 3.2902839 2.7074076 2.9634862 3.0511843 2.7151825 3.7374712 3.4778364 3.3050778 3.4949522 3.9109529 3.7587218 3.7579731 4.0827307 3.3961947 3.3554681 3.7576077 3.3820103 3.0798062 3.0203740 1.8596115 0.0000000 0.2628415 0.6381435 0.5804724 0.9225282 2.6586178 3.0736592 3.0688338 2.9884901 2.7829294 2.8609302 3.2944968 2.5124114 2.8045084 5.2139090 3.3534293 3.6852183 3.7231738 3.4482112 3.6991457 2.8586516 2.0953250 3.4544178 3.1188900 3.1502421 2.7501722 2.5897286 3.4864543 2.2668280 2.0018978 1.6843349 6.5477164 2.5266876 2.9181853 3.3882067 3.0908940 3.5027745 3.1979270 2.9426811 3.0106224 3.2055354 3.0677741 2.6884656 3.1603000 3.1226819 3.1472264 3.2012630 3.2020153 3.8407897 3.0760250 2.4142757 2.9899846 2.8792312 2.7889992 3.4772344 4.0767149 4.0379000 5.2714407 5.5116871 4.7792687 4.2545386 3.8344981 
Q8JI38     2.5539988 2.5320158 3.1845323 2.3991405 2.4677542 2.5416925 2.3112998 3.8289420 3.3347684 3.1884855 3.2869853 3.7105432 3.5871277 3.7390297 3.5988751 2.8467131 2.8711403 3.3232711 2.7505276 2.5536700 2.8442491 1.8707332 0.2628415 0.0000000 0.5799451 0.5190915 0.8801765 2.4967372 2.8653107 2.9157059 2.7848713 2.5631914 2.5233332 3.1069723 2.4557736 3.1319389 5.0708876 3.3427173 3.6125603 3.8565769 4.0672294 4.0972955 2.5950982 2.3873149 3.3228465 2.6353625 2.9840854 2.4048697 2.5375951 2.7414289 2.4853130 1.5716899 2.5713349 6.5477164 2.0514462 2.4025675 3.5361342 3.4764780 4.0230339 3.5363107 3.1965322 3.2033896 3.3363498 2.7572910 2.5835630 3.0669501 3.1950562 3.0076540 3.2159027 2.9750743 3.4130378 3.1526121 2.2801025 3.2028367 3.0981683 2.4797447 3.7206071 4.0099178 4.0648237 5.0967281 5.2138575 5.0518014 4.4142686 3.6359905 
B0VXV6     2.6601746 2.6611109 3.1285451 2.5519903 2.7977356 3.3159832 2.5760391 4.3055702 4.5235998 4.1429744 4.2597739 4.9205315 4.6771428 4.7351598 4.3555270 3.0033482 2.9697063 3.6466674 4.0518800 3.3492337 2.8218044 1.7225563 0.6381435 0.5799451 0.0000000 0.3982337 1.0866528 2.3665358 3.2326245 3.7285724 3.5193437 3.1128055 3.2604381 3.3826296 3.0789309 2.6570523 6.5554724 3.2924067 3.6818645 4.4175163 3.9673917 3.7929176 3.9956217 2.5935874 4.0553853 3.8113521 3.2432674 2.6971268 3.3815614 4.7249451 2.7149683 3.9468296 2.8797558 6.5477164 3.3348908 2.4171536 3.3597765 3.8633189 4.8031792 3.5862254 3.2644340 3.6863127 3.4712355 3.1530583 3.3753636 3.4683471 3.3428236 3.5275162 3.2172055 3.2237471 2.9560490 3.1245050 2.0754557 3.1197824 2.9920784 2.3889853 3.6583880 4.2535112 4.0513047 5.2982367 5.1778106 4.5198962 3.8276128 3.9681964 
Q7T1K6     2.3270907 2.3033950 2.9161615 2.1497542 2.4745621 3.5211976 2.2096145 4.2516172 4.0277809 3.8252709 3.8451979 4.3119164 4.2241285 4.1783656 4.0391540 2.9046099 2.9626082 3.3874345 3.5825245 3.0536778 2.6099521 1.8313798 0.5804724 0.5190915 0.3982337 0.0000000 1.0096467 2.7319212 3.1849167 3.4537012 3.0958409 2.9481757 2.8835832 3.3382914 2.8496941 2.4865506 5.0170706 3.0232834 3.4714858 4.4371957 3.9636649 3.3298645 3.4021706 1.9924490 2.8019267 3.0121612 3.1968939 2.8480683 3.5225980 4.8997112 2.9854278 3.5824160 2.8797558 8.6996519 4.8011596 2.4080483 3.5007493 3.5583812 4.0472327 3.6600430 2.5157930 3.1577208 2.9823640 3.1251592 3.1946203 3.7582738 3.5104589 3.7626982 3.4969304 3.4289167 3.6741142 2.7012369 1.7503234 3.0943666 2.9258432 2.2486550 3.4707533 4.3346566 4.3314624 5.2724728 5.3088116 5.6076762 5.1532819 4.1363682 
Q2XXP1     2.3322319 2.3968303 2.8825228 2.2295938 2.5579006 3.2136063 2.3667763 3.9630239 4.1974937 3.7580331 3.8899757 4.0652918 4.2028433 4.3244482 3.7808491 3.2631855 2.8309027 3.3980329 3.1477247 2.7509042 3.1356111 2.0326649 0.9225282 0.8801765 1.0866528 1.0096467 0.0000000 2.7396203 3.2066095 3.5347595 3.2674011 3.2349997 3.1038374 3.7104018 3.3149947 2.8066718 5.7719788 3.5176686 4.0294810 4.4443664 4.1306802 3.8118478 2.9900554 2.0826256 3.3178188 3.1440104 2.8973219 2.3161061 3.2700137 6.1241745 2.1365596 5.9306001 1.6120338 9.0000000 3.9228533 5.0523636 3.9335016 3.8241873 4.1430047 4.1885963 3.7482272 3.2217921 3.7552071 2.8844764 2.6020443 3.4229598 2.9067125 2.8493716 3.1374707 3.2468143 2.8664132 3.0227523 2.1583066 2.6340593 2.5755555 2.2819343 3.3729688 3.5743137 3.3449550 3.4821869 4.3336840 4.3202535 4.5300728 3.3834053 
C8YJG4     3.2658114 4.3919661 3.7495563 3.3263738 2.8594017 5.3240769 3.9526818 3.9600217 3.7255885 3.8787550 3.6702413 3.9357501 3.6293973 3.7197836 4.5591086 3.4833856 3.2598297 3.3234168 3.8530475 3.4584320 2.8852552 3.2309491 2.6586178 2.4967372 2.3665358 2.7319212 2.7396203 0.0000000 3.5887981 2.5682942 2.6824642 2.9564669 2.5098253 2.8488998 3.2692657 2.4079930 4.3641677 6.0050164 4.0142884 4.2121598 4.0812338 4.5014012 3.9031039 5.0388500 4.3483536 4.6137422 4.0182117 2.8749432 4.5776001 1.4342327 1.3239148 3.2388303 2.2630887 0.5508936 2.5479144 5.7543225 2.9833403 3.0596069 3.0883457 2.8804413 4.5644028 2.6892882 4.2837438 4.4830800 4.0147394 3.5362956 3.8729248 4.0157039 3.6674433 3.6881740 4.1526316 4.8135073 4.4059746 4.5249075 5.0906813 4.3690910 5.1335694 3.3241668 2.8911348 3.0790449 3.0667174 3.5729584 2.7229949 3.1537737 
C0K3N2     3.2061608 2.4706871 2.3195475 2.7358742 2.7487921 2.1712379 2.6375318 4.1287224 4.6854528 4.2022136 4.6557126 4.9013007 4.1832432 4.5307127 5.0093762 3.8004144 4.4988196 4.4532026 4.4966881 3.2122565 5.4253587 3.4027712 3.0736592 2.8653107 3.2326245 3.1849167 3.2066095 3.5887981 0.0000000 0.2627842 0.2104188 0.1939869 0.1582970 0.1801140 0.4805492 2.4950199 3.2424392 5.1384447 6.3751851 4.2325508 3.6777902 5.3870322 3.3069655 2.4074358 2.8488585 2.4042257 3.1333301 3.1419111 3.9981572 0.0000010 0.0000010 0.0000010 9.0000000 0.0000010 0.0000010 0.0000010 3.2306168 2.8771033 2.6305103 1.9770016 1.8896227 3.3158411 2.4281298 2.0751290 2.3366235 2.4746129 2.4885410 2.4611632 2.2775615 2.6271574 3.0452109 3.2979319 2.1889489 2.1232560 2.2614653 2.9527463 2.3418591 9.0000000 9.0000000 8.2056438 6.8296161 7.5077813 5.6075921 9.0000000 
P0DW98     2.9448666 2.2532809 2.2083205 2.4971041 2.6166753 2.0309205 2.3993166 3.6054424 4.1006241 3.7055907 4.1675216 4.4862080 3.8693336 4.1630989 5.3659711 4.2817380 5.0099372 4.0260678 3.8007170 2.9332405 4.9813325 3.3625580 3.0688338 2.9157059 3.7285724 3.4537012 3.5347595 2.5682942 0.2627842 0.0000000 0.0916426 0.2120449 0.2284749 0.2631065 0.6275265 2.3474936 3.2073718 4.2211341 5.8141517 4.3269368 4.7594037 4.4853181 3.1504920 2.3897519 2.2387653 2.0441290 3.1891705 3.1955673 3.4576035 0.0000010 0.0000010 0.0000010 2.4931573 0.0000010 0.0000010 0.0000010 3.1861884 2.6438182 2.5784600 2.0745626 1.6879888 3.2875641 2.4866931 2.0669641 2.4613011 2.3565547 2.6103681 2.6089158 2.6526160 2.8663511 3.0452109 3.2979319 2.1889489 2.1232560 2.2614653 2.9133264 1.9792018 8.9999980 9.0000000 6.4115792 5.2596337 5.5949053 4.8779683 9.0000000 
Q330K6     3.2061608 2.4706871 2.3195475 2.7358742 2.7487921 2.1712379 2.6375318 3.7700983 4.3050859 4.0381910 4.5695430 4.8764182 4.2211023 4.5617023 5.1689755 4.5429381 5.0701931 4.3698199 4.1880700 3.2482147 4.8975697 3.5917088 2.9884901 2.7848713 3.5193437 3.0958409 3.2674011 2.6824642 0.2104188 0.0916426 0.0000000 0.1831879 0.2466383 0.2784186 0.5729063 2.0533154 3.2038794 4.4442248 5.6379640 4.5922369 4.8425629 4.4222873 2.7793793 2.2027188 2.2949770 2.1815230 3.4242523 3.1039316 4.0282617 0.0000010 0.0000010 0.0000010 2.4931573 0.0000010 0.0000010 0.0000010 3.3491221 2.8771033 2.8172873 2.1119215 1.8666899 3.3089486 2.1224158 2.0669641 2.4613011 2.3565547 2.6103681 2.6089158 2.5471873 2.8024182 3.0452109 3.2979319 2.1889489 2.1232560 2.2614653 2.9625653 2.3418591 8.9999987 9.0000000 6.3532952 5.2174256 5.5006602 4.8428084 9.0000000 
C0K3N3     3.1741684 2.4362212 2.2847844 2.7013684 2.7130641 2.2417209 2.6018812 4.1141743 4.5581730 4.0407051 4.5330348 5.0676686 4.4664264 4.7762502 4.4985829 3.6121608 3.9793761 3.8426741 3.6403739 2.7406385 3.9909496 3.9506701 2.7829294 2.5631914 3.1128055 2.9481757 3.2349997 2.9564669 0.1939869 0.2120449 0.1831879 0.0000000 0.1970803 0.1977424 0.5767979 2.1199086 3.3124551 4.9146739 5.8402476 3.9482538 3.6375891 4.2945834 2.9934983 2.3336243 2.4053498 2.2766332 3.3376910 3.2681440 4.1943232 0.0000010 0.0000010 0.0000010 7.5817187 0.0000010 0.0000010 0.0000010 3.3928274 2.9330054 2.7929296 1.9540943 2.0034089 3.3295971 2.8806722 2.1483403 2.4918432 2.5051855 2.4118434 2.4351209 2.4946131 2.8303327 3.2456408 3.4895708 1.9191399 2.2884751 2.4028660 2.7703315 2.4862518 8.9999985 8.4040463 6.0332725 5.5943718 5.4421444 4.3182625 9.0000000 
Q90X24     2.8003254 2.1434517 2.0087154 2.3723009 2.3706347 2.2417209 2.2765881 4.1268411 4.6113409 3.9712504 4.6573260 4.9943222 4.2769812 4.5012651 5.1771915 3.6474894 4.1044996 4.4824041 3.7062960 3.0180735 4.4007972 3.2817320 2.8609302 2.5233332 3.2604381 2.8835832 3.1038374 2.5098253 0.1582970 0.2284749 0.2466383 0.1970803 0.0000000 0.2101346 0.5686990 2.3476746 3.1240996 5.2942525 6.7056212 4.7282708 3.9141530 5.3572695 3.2357218 2.4186685 2.2667687 2.2309345 3.2090020 3.2573960 4.0113465 0.0000010 0.0000010 0.0000010 9.0000000 0.0000010 0.0000010 0.0000010 3.1617195 2.9330054 2.7929296 1.8658918 1.6330564 3.2065799 2.5601918 2.1483403 2.3774204 2.5119888 2.4303593 2.4833327 2.4663594 2.8911256 3.2456408 3.4895708 1.9191399 2.2884751 2.4028660 2.4516076 2.1127148 8.9999985 9.0000000 6.8231626 5.7123888 6.5215081 4.9492263 9.0000000 
X5ICI2     3.2061608 2.4706871 2.3195475 2.7358742 2.7487921 2.1712379 2.6375318 4.3165109 4.7092404 4.3204217 4.7574935 5.1466587 4.6574729 5.0670909 4.2368959 4.1627489 4.6484102 4.1399481 3.5737102 2.7779722 4.6631968 3.3015376 3.2944968 3.1069723 3.3826296 3.3382914 3.7104018 2.8488998 0.1801140 0.2631065 0.2784186 0.1977424 0.2101346 0.0000000 0.6075428 2.0579016 3.5247279 4.7435323 6.0370617 4.2664298 3.6597911 4.8870827 2.8595569 2.2683258 2.3590509 2.2402529 2.7027498 2.5819526 4.1956397 0.0000010 0.0000010 0.0000010 9.0000000 0.0000010 0.0000010 0.0000010 3.1250175 2.8771033 3.1177689 1.9770016 1.8805189 3.0218391 2.8197978 2.1985805 2.2391433 2.3556397 2.3735158 2.3423832 2.2998252 2.4396232 3.0452109 3.2979319 2.1889489 2.1232560 2.2614653 2.9527463 2.3632099 9.0000000 9.0000000 6.5142480 6.2574624 5.4745106 4.7670858 9.0000000 
C0K3N1     3.2061608 2.4706871 2.3195475 2.7358742 2.7487921 2.1712379 2.6375318 3.9714667 5.1266235 4.7871836 5.4503190 5.7027693 5.2108882 5.7028710 4.3577963 3.4909730 4.2119511 4.3513673 3.5938074 2.9620624 3.8140359 3.0362102 2.5124114 2.4557736 3.0789309 2.8496941 3.3149947 3.2692657 0.4805492 0.6275265 0.5729063 0.5767979 0.5686990 0.6075428 0.0000000 2.7146605 3.5740077 4.1502850 5.0506127 4.2820435 3.4399815 3.1869811 2.9540688 2.1478348 2.5315459 2.3095510 3.1515283 2.9816759 4.1981234 0.0000010 0.0000010 0.0000010 6.1139448 0.0000010 0.0000010 0.0000010 3.0165105 2.8771033 2.9330171 1.9456059 1.4765390 2.7598657 2.1772707 2.2471143 2.3703318 2.5696303 2.4006410 2.2724312 2.7320758 2.7878617 3.0452109 3.2979319 2.1889489 2.1232560 2.2614653 2.9764603 2.3418591 9.0000000 8.2498022 8.3327604 8.6838476 7.3671942 4.7960741 9.0000000 
Q27049     3.3190791 3.3094857 4.4838242 3.5395007 4.0304325 3.8310602 3.5086643 3.5854559 3.7577997 4.1022817 3.9536291 5.2333998 4.9976540 4.8807213 4.1379150 3.4608037 3.2459535 3.6609034 3.5273923 3.9946144 3.7641114 2.8800156 2.8045084 3.1319389 2.6570523 2.4865506 2.8066718 2.4079930 2.4950199 2.3474936 2.0533154 2.1199086 2.3476746 2.0579016 2.7146605 0.0000000 4.0617904 4.6647647 3.7179342 4.3173235 4.2783585 2.9743525 4.5137213 2.5447534 4.7731606 3.9835338 2.8241870 2.8917106 3.1125072 4.9811636 5.3175689 2.7433419 0.0000010 9.0000000 6.2364215 5.7477940 2.5631347 2.4906873 3.5371480 2.4125760 2.6596992 2.6398218 3.0972190 3.5457954 4.4343600 3.6181361 4.7571600 4.6281948 3.6276838 3.8146758 4.8202825 4.4907974 3.2572068 4.8126089 5.2938983 2.5243687 3.7240949 6.1093320 6.3748998 6.2166649 6.0400729 5.3481430 4.3038632 5.6138820 
Q04669     2.3957588 2.3995047 3.3465138 2.4255777 2.7325596 2.6609848 2.3949905 4.4278836 3.9551661 3.8308216 3.8643158 4.0708827 3.8960539 4.1269447 3.7183020 4.2042772 4.0253613 2.9623801 3.6254891 2.7183090 2.7208696 4.3344761 5.2139090 5.0708876 6.5554724 5.0170706 5.7719788 4.3641677 3.2424392 3.2073718 3.2038794 3.3124551 3.1240996 3.5247279 3.5740077 4.0617904 0.0000000 4.3733344 4.2185683 4.4055203 4.1483278 4.9143417 4.5270366 3.6613741 3.3988233 2.8037617 3.2684958 3.4551995 3.7626067 5.4906569 1.0430008 1.8716972 2.2408115 1.3813517 6.6277650 7.5637600 3.0452083 2.6948700 2.8000010 3.5519501 3.2713802 3.4367269 3.8891600 3.8373154 5.3274562 4.8032033 5.4984033 4.5430532 5.1252163 5.3117197 4.1996825 4.1623469 2.5432150 3.3074556 3.6911340 3.6903907 2.7678948 3.5972718 3.8678978 4.7079448 4.6974849 5.7841629 4.8009816 3.9368937 
G3CJS0     3.8774747 4.3292330 7.4602977 4.3678478 4.7675871 4.2038438 4.3678478 5.5922942 3.9470416 4.0302231 3.9114689 3.8766104 3.9473413 3.7044786 2.9701456 3.6439957 3.2567713 4.6279296 3.5321609 3.8143886 3.8014357 3.7517886 3.3534293 3.3427173 3.2924067 3.0232834 3.5176686 6.0050164 5.1384447 4.2211341 4.4442248 4.9146739 5.2942525 4.7435323 4.1502850 4.6647647 4.3733344 0.0000000 0.6038180 3.5878086 5.0039983 2.8133770 5.4568847 6.7896147 5.5845783 6.2849390 3.7849871 3.6859902 4.3169274 7.4412207 1.3927112 1.4773698 4.0774703 7.6692109 2.7803649 4.6814479 4.4007736 6.4102437 7.8643494 5.3718662 5.2841357 5.4228688 4.6168291 4.3301225 3.5407828 3.6777020 3.8041917 4.6650117 3.9675291 4.1315713 4.8157005 5.1873018 3.6344880 2.7422352 2.8582034 4.4476623 4.0540445 4.3083650 3.7492613 4.9497662 4.9526212 5.9964384 5.1446040 3.5869636 
Q27042     3.7149590 3.5716718 4.7717759 3.4506162 4.1867091 4.3030352 3.4506162 4.7601289 3.2281265 2.8701557 2.8438633 3.2136203 3.2582046 3.1805399 3.2753162 3.2953376 3.0415589 3.8972687 4.0309768 3.8383254 3.9915987 3.4031817 3.6852183 3.6125603 3.6818645 3.4714858 4.0294810 4.0142884 6.3751851 5.8141517 5.6379640 5.8402476 6.7056212 6.0370617 5.0506127 3.7179342 4.2185683 0.6038180 0.0000000 3.6046281 4.4005060 3.0754725 3.9399009 4.6591851 5.3697154 6.3264664 3.9586752 4.2624590 5.2066763 6.4030664 3.2393917 1.7486913 3.8087403 3.1680708 5.9320034 5.0876037 4.6505946 6.5727014 8.9999985 7.5164206 5.5434085 6.3192316 4.5876315 3.6362243 3.6544663 4.4623404 3.8835922 5.4671480 3.4664795 3.9084225 5.3338572 4.6409641 3.2080441 3.1529589 3.2712945 2.2363708 2.3487763 4.5208554 4.0391721 3.5367959 3.6142985 4.6195324 3.9808802 3.7236258 
Q94733     3.1469328 3.7640952 5.2716285 3.6612632 3.8449357 6.2315172 4.0497432 3.9363452 4.2127652 4.2446966 4.3594053 4.7152692 4.1699706 4.5096569 3.0605936 3.3286013 3.1849057 4.2086558 3.1752527 3.9100358 4.0124298 3.8213549 3.7231738 3.8565769 4.4175163 4.4371957 4.4443664 4.2121598 4.2325508 4.3269368 4.5922369 3.9482538 4.7282708 4.2664298 4.2820435 4.3173235 4.4055203 3.5878086 3.6046281 0.0000000 0.5843254 6.3171233 3.8360218 4.3757874 3.2898623 6.8605352 4.0970235 3.6874262 5.4487365 8.9999985 4.8678932 3.5045649 5.8459609 1.7756170 2.3393818 5.2345815 3.5887774 4.0841645 3.5779931 4.6015217 3.0142038 4.2895505 4.8313919 5.0563854 4.6326387 5.6724975 4.9579197 4.2300982 6.3514519 5.8734654 5.7863374 6.0198150 4.5799621 5.9512803 5.4434340 4.7983184 4.3668884 3.3399293 3.3068096 3.0556903 3.1684111 3.1240157 2.2452214 2.9033306 
Q6PQK2     2.9403872 3.0634530 5.2025272 3.0981445 2.8979487 6.3225525 3.4274122 4.1722149 4.3708318 4.4493679 4.5141586 4.6655373 4.2338375 4.5938881 3.3317383 3.2120394 2.9667946 3.9720637 3.1869447 3.2279348 3.8811173 4.4965166 3.4482112 4.0672294 3.9673917 3.9636649 4.1306802 4.0812338 3.6777902 4.7594037 4.8425629 3.6375891 3.9141530 3.6597911 3.4399815 4.2783585 4.1483278 5.0039983 4.4005060 0.5843254 0.0000000 5.1548435 3.7122244 3.5143614 4.0883136 5.7814343 3.7121236 4.3346274 4.8796643 8.9999985 8.0747889 5.5618150 2.2505821 2.5816782 5.2487307 7.7146441 3.6401082 3.6195968 4.5465829 5.1455325 3.0499982 4.0556229 4.9975158 5.0134586 4.7499689 5.9604771 4.8579049 4.2615426 6.6065099 6.1723365 5.0391963 5.7137680 4.3628355 6.3113208 5.9345062 4.4925610 4.3483406 4.1050383 3.8323628 3.5592970 3.5899417 3.2261343 2.4542778 3.4133732 
A7BJ46     2.3927354 2.6816227 3.4812492 2.3884998 2.0489178 3.5970976 2.5266098 5.7174831 6.4016277 5.6295595 6.0870668 6.2492614 5.6462304 6.2534228 4.7214587 5.3261003 5.0843009 5.2509419 5.8283634 6.3502879 5.0878257 5.1477101 3.6991457 4.0972955 3.7929176 3.3298645 3.8118478 4.5014012 5.3870322 4.4853181 4.4222873 4.2945834 5.3572695 4.8870827 3.1869811 2.9743525 4.9143417 2.8133770 3.0754725 6.3171233 5.1548435 0.0000000 4.6468974 3.9141734 4.5750558 4.8428229 4.9167431 4.9243197 4.7721640 0.0000010 1.1455323 9.0000000 3.6021365 5.9130949 5.8779906 5.8779906 4.1674917 3.7406308 2.8653110 3.3135646 2.9317764 4.6072611 3.7980096 3.9449189 4.1910303 3.2163340 4.1862101 3.6876387 3.4784351 3.5619243 4.5759246 3.7986163 1.8895243 3.8397983 4.2052194 3.1092075 3.1710673 6.2452088 6.1309130 8.9999980 8.8028291 7.9627408 8.9999984 7.3336175 
P68725     4.3274535 4.3274535 4.3274535 4.3274535 4.3274535 8.8591459 4.3274535 6.9961330 7.8115800 7.2512858 9.0000000 8.9999983 7.3488256 8.8808562 2.7033347 3.2403859 2.6490906 4.0364005 3.8530569 2.3027181 3.3857538 3.6375004 2.8586516 2.5950982 3.9956217 3.4021706 2.9900554 3.9031039 3.3069655 3.1504920 2.7793793 2.9934983 3.2357218 2.8595569 2.9540688 4.5137213 4.5270366 5.4568847 3.9399009 3.8360218 3.7122244 4.6468974 0.0000000 2.3980214 1.2010910 2.1104350 1.9340690 1.7260378 2.1029411 0.0000010 0.0000010 0.0000010 0.0000010 0.0000010 0.0000010 0.0000010 1.9653612 3.2210937 3.7305846 2.4267337 2.9008361 3.5917113 2.9916405 2.6730152 1.8088082 2.7250693 2.7209581 3.5984342 2.5057240 2.7663867 9.0000000 9.0000000 7.4741342 9.0000000 9.0000000 9.0000000 9.0000000 6.5837922 4.6052295 3.5832598 2.6749056 3.1142202 3.3767052 5.2857880 
A0A7S8RFI7 3.0769803 2.4133387 2.9348868 3.3170559 3.0769803 2.3840356 3.3170559 3.6368006 3.9912480 3.8004774 4.3101805 6.1529452 4.0265932 4.0368345 2.7809574 4.1430542 3.9606392 3.9066877 5.0870769 3.2009068 3.4617459 2.6901493 2.0953250 2.3873149 2.5935874 1.9924490 2.0826256 5.0388500 2.4074358 2.3897519 2.2027188 2.3336243 2.4186685 2.2683258 2.1478348 2.5447534 3.6613741 6.7896147 4.6591851 4.3757874 3.5143614 3.9141734 2.3980214 0.0000000 1.7545400 1.3637237 2.1087800 2.1353274 1.4341999 0.0000010 0.0000010 0.0000010 0.0000010 0.0000010 0.0000010 0.0000010 2.7953988 3.1392808 2.9794303 2.2105349 2.1647729 3.7776505 1.9940867 2.6680155 2.8848948 2.7418113 2.9212932 3.3240556 2.7718213 2.7725117 5.8927871 5.1160601 2.5639444 4.1881804 4.8765400 3.0582014 5.6759781 9.0000000 8.9999982 6.2889448 6.6930255 8.9999983 8.4236320 9.0000000 
Q1I163     2.2767762 3.2903640 2.9239546 3.3404233 2.2767762 3.8303704 3.3404233 3.5589667 5.8038795 3.9306489 6.0873836 6.4884000 4.2321803 4.5516044 2.8046210 4.1996485 2.9358331 4.1849052 3.8619498 2.4827066 3.3288009 3.3427578 3.4544178 3.3228465 4.0553853 2.8019267 3.3178188 4.3483536 2.8488585 2.2387653 2.2949770 2.4053498 2.2667687 2.3590509 2.5315459 4.7731606 3.3988233 5.5845783 5.3697154 3.2898623 4.0883136 4.5750558 1.2010910 1.7545400 0.0000000 1.6105969 1.5598935 1.5197028 2.5918993 0.0000010 0.0000010 0.0000010 0.0000010 0.0000010 0.0000010 0.0000010 2.3260403 2.3609059 2.9111777 2.4047291 2.9095708 4.1539721 2.2997452 2.8455532 2.6039907 2.9159389 2.7405287 3.8727810 2.5670823 2.7375456 5.2180468 3.3897685 3.1211686 4.2471088 4.4931428 3.3183240 2.8337597 6.4891296 8.9999984 4.3527316 3.9526060 4.4218646 4.4704345 7.5437803 
Q86BW9     2.9631481 2.2074845 2.4971347 3.1784735 2.9631481 4.3205296 3.1784735 3.7336321 3.1141344 3.3844210 6.4183400 5.1754350 3.3338430 3.5701309 3.2093434 5.1014624 5.2833387 5.0279573 4.2123160 2.3741355 5.2239883 3.1607196 3.1188900 2.6353625 3.8113521 3.0121612 3.1440104 4.6137422 2.4042257 2.0441290 2.1815230 2.2766332 2.2309345 2.2402529 2.3095510 3.9835338 2.8037617 6.2849390 6.3264664 6.8605352 5.7814343 4.8428229 2.1104350 1.3637237 1.6105969 0.0000000 1.3392926 1.6942499 1.0812420 0.0000010 0.0000010 0.0000010 0.0000010 0.0000010 0.0000010 0.0000010 2.7323519 2.1770105 2.7898152 1.7364461 2.4664376 3.3590187 2.5946830 2.9512933 3.2394593 2.9258670 3.3389236 3.7018783 3.6164916 3.6309791 5.7735879 4.6953909 4.7492721 4.7668267 5.5931442 3.9482579 5.6569102 5.6288379 7.3298656 5.9099877 5.8801716 4.3309594 4.7759097 8.9999982 
